Preparing training and test sets...
PyDev console: starting.

Python 3.6.3 (v3.6.3:2c5fed86e0, Oct  3 2017, 00:32:08) 
[GCC 4.2.1 (Apple Inc. build 5666) (dot 3)] on darwin
                                      Timestamp   Importo  \
indice                                                      
20141220164514490000328898  2014-12-20 16:04:36  0.030500   
20141231154514807000411159  2014-12-31 15:37:02  0.093078   
20141128154605390000701214  2014-11-28 15:17:46  0.012000   
20141128154605405000605392  2014-11-28 15:18:31  0.015036   
20141128154605499000996878  2014-11-28 15:20:10  0.025100   
...                                         ...       ...   
20150204115723134000284801  2015-02-04 11:41:23  0.003527   
20150205115728669000551899  2015-02-05 11:53:54  0.002367   
20150205121222482000946651  2015-02-05 11:57:21  0.010000   
20150121104511549000696094  2015-01-21 09:58:13  0.005598   
20141030124628720000378688  2014-10-30 11:37:38  0.009760   

                                                      UserID  NumConfermaSMS  \
indice                                                                         
20141220164514490000328898  cd028892a4b9b49f84d787cc587022b4               1   
20141231154514807000411159  6dcbac66f4a535145a12b922341c06df               1   
20141128154605390000701214  01b79c6f4c9119ef0c95ce13b4367ee0               1   
20141128154605405000605392  01b79c6f4c9119ef0c95ce13b4367ee0               1   
20141128154605499000996878  01b79c6f4c9119ef0c95ce13b4367ee0               1   
...                                                      ...             ...   
20150204115723134000284801  565cc90a7c23e6937f06b826c9b7ba84               0   
20150205115728669000551899  565cc90a7c23e6937f06b826c9b7ba84               0   
20150205121222482000946651  565cc90a7c23e6937f06b826c9b7ba84               0   
20150121104511549000696094  565cc90a7c23e6937f06b826c9b7ba84               0   
20141030124628720000378688  565cc90a7c23e6937f06b826c9b7ba84               0   

                            isFraud  isItalianSender  isItalianReceiver  
indice                                                                   
20141220164514490000328898        0                1                  1  
20141231154514807000411159        0                1                  1  
20141128154605390000701214        0                1                  1  
20141128154605405000605392        0                1                  1  
20141128154605499000996878        0                1                  1  
...                             ...              ...                ...  
20150204115723134000284801        0                1                  1  
20150205115728669000551899        0                1                  1  
20150205121222482000946651        0                1                  1  
20150121104511549000696094        0                1                  1  
20141030124628720000378688        0                1                  1  

[482909 rows x 7 columns]
482909
indice
20141220164514490000328898    cd028892a4b9b49f84d787cc587022b4
20141231154514807000411159    6dcbac66f4a535145a12b922341c06df
20141128154605390000701214    01b79c6f4c9119ef0c95ce13b4367ee0
20141128154605405000605392    01b79c6f4c9119ef0c95ce13b4367ee0
20141128154605499000996878    01b79c6f4c9119ef0c95ce13b4367ee0
                                            ...               
20150204115723134000284801    565cc90a7c23e6937f06b826c9b7ba84
20150205115728669000551899    565cc90a7c23e6937f06b826c9b7ba84
20150205121222482000946651    565cc90a7c23e6937f06b826c9b7ba84
20150121104511549000696094    565cc90a7c23e6937f06b826c9b7ba84
20141030124628720000378688    565cc90a7c23e6937f06b826c9b7ba84
Name: UserID, Length: 482909, dtype: object
                                      Timestamp   Importo  \
indice                                                      
20141220164514490000328898  2014-12-20 16:04:36  0.030500   
20141112204522726000757453  2014-11-12 19:46:47  0.010038   
20141112204522726000396867  2014-11-12 19:55:01  0.002526   
20150205211218496000971652  2015-02-05 21:02:59  0.008736   
20150213002718214000849543  2015-02-13 00:24:09  0.017700   
20150211181219805000321754  2015-02-11 18:09:52  0.002200   
20150205212721253000176378  2015-02-05 21:20:21  0.009240   
20141210154723797000840395  2014-12-10 15:09:47  0.000339   
20141210164554192000801062  2014-12-10 16:10:53  0.100000   
20141029154603484000281434  2014-10-29 14:54:34  0.023401   
20141206124529402000545834  2014-12-06 12:16:29  0.002300   
20141206124529761000254525  2014-12-06 12:31:54  0.009240   
20141205234528480000834911  2014-12-05 23:35:34  0.008400   

                                                      UserID  NumConfermaSMS  \
indice                                                                         
20141220164514490000328898  cd028892a4b9b49f84d787cc587022b4               1   
20141112204522726000757453  cd028892a4b9b49f84d787cc587022b4               1   
20141112204522726000396867  cd028892a4b9b49f84d787cc587022b4               1   
20150205211218496000971652  cd028892a4b9b49f84d787cc587022b4               1   
20150213002718214000849543  cd028892a4b9b49f84d787cc587022b4               1   
20150211181219805000321754  cd028892a4b9b49f84d787cc587022b4               1   
20150205212721253000176378  cd028892a4b9b49f84d787cc587022b4               1   
20141210154723797000840395  cd028892a4b9b49f84d787cc587022b4               1   
20141210164554192000801062  cd028892a4b9b49f84d787cc587022b4               1   
20141029154603484000281434  cd028892a4b9b49f84d787cc587022b4               1   
20141206124529402000545834  cd028892a4b9b49f84d787cc587022b4               1   
20141206124529761000254525  cd028892a4b9b49f84d787cc587022b4               1   
20141205234528480000834911  cd028892a4b9b49f84d787cc587022b4               1   

                            isFraud  isItalianSender  isItalianReceiver  
indice                                                                   
20141220164514490000328898        0                1                  1  
20141112204522726000757453        0                1                  1  
20141112204522726000396867        0                1                  1  
20150205211218496000971652        0                1                  1  
20150213002718214000849543        0                1                  1  
20150211181219805000321754        0                1                  1  
20150205212721253000176378        0                1                  1  
20141210154723797000840395        0                1                  1  
20141210164554192000801062        0                1                  1  
20141029154603484000281434        0                1                  1  
20141206124529402000545834        0                1                  1  
20141206124529761000254525        0                1                  1  
20141205234528480000834911        0                1                  1  
13
                             Importo            Timestamp
indice                                                   
20141220164514490000328898  0.030500  2014-12-20 16:04:36
20141112204522726000757453  0.010038  2014-11-12 19:46:47
20141112204522726000396867  0.002526  2014-11-12 19:55:01
20150205211218496000971652  0.008736  2015-02-05 21:02:59
20150213002718214000849543  0.017700  2015-02-13 00:24:09
20150211181219805000321754  0.002200  2015-02-11 18:09:52
20150205212721253000176378  0.009240  2015-02-05 21:20:21
20141210154723797000840395  0.000339  2014-12-10 15:09:47
20141210164554192000801062  0.100000  2014-12-10 16:10:53
20141029154603484000281434  0.023401  2014-10-29 14:54:34
20141206124529402000545834  0.002300  2014-12-06 12:16:29
20141206124529761000254525  0.009240  2014-12-06 12:31:54
20141205234528480000834911  0.008400  2014-12-05 23:35:34
([[[0.030499806099961217, '2014-12-20 16:04:36'], [0.010038002007600405, '2014-11-12 19:46:47'], [0.002526200505240101, '2014-11-12 19:55:01'], [0.00873560174712035, '2015-02-05 21:02:59'], [0.017699803539960708, '2015-02-13 00:24:09'], [0.0021998004399600888, '2015-02-11 18:09:52'], [0.009239801847960373, '2015-02-05 21:20:21'], [0.0003386000677200136, '2014-12-10 15:09:47'], [0.09999981999996402, '2014-12-10 16:10:53'], [0.023401404680280936, '2014-10-29 14:54:34'], [0.0022998004599600924, '2014-12-06 12:16:29'], [0.009239801847960373, '2014-12-06 12:31:54']]], [                            isFraud            Timestamp
indice                                                  
20141205234528480000834911        0  2014-12-05 23:35:34])
[[[0.030499806099961217, '2014-12-20 16:04:36'], [0.010038002007600405, '2014-11-12 19:46:47'], [0.002526200505240101, '2014-11-12 19:55:01'], [0.00873560174712035, '2015-02-05 21:02:59'], [0.017699803539960708, '2015-02-13 00:24:09'], [0.0021998004399600888, '2015-02-11 18:09:52'], [0.009239801847960373, '2015-02-05 21:20:21'], [0.0003386000677200136, '2014-12-10 15:09:47'], [0.09999981999996402, '2014-12-10 16:10:53'], [0.023401404680280936, '2014-10-29 14:54:34'], [0.0022998004599600924, '2014-12-06 12:16:29'], [0.009239801847960373, '2014-12-06 12:31:54']]]
1
[                            isFraud            Timestamp
indice                                                  
20141205234528480000834911        0  2014-12-05 23:35:34]
